%YAML:1.0
ft object:
   n_connections: 89
   connections 0 0: 0
   connections 0 1: 2
   connections 1 0: 2
   connections 1 1: 4
   connections 2 0: 4
   connections 2 1: 7
   connections 3 0: 7
   connections 3 1: 8
   connections 4 0: 8
   connections 4 1: 10
   connections 5 0: 10
   connections 5 1: 12
   connections 6 0: 12
   connections 6 1: 15
   connections 7 0: 15
   connections 7 1: 16
   connections 8 0: 16
   connections 8 1: 18
   connections 9 0: 18
   connections 9 1: 20
   connections 10 0: 20
   connections 10 1: 22
   connections 11 0: 22
   connections 11 1: 21
   connections 12 0: 21
   connections 12 1: 19
   connections 13 0: 19
   connections 13 1: 17
   connections 14 0: 17
   connections 14 1: 14
   connections 15 0: 14
   connections 15 1: 13
   connections 16 0: 13
   connections 16 1: 11
   connections 17 0: 11
   connections 17 1: 9
   connections 18 0: 9
   connections 18 1: 6
   connections 19 0: 6
   connections 19 1: 5
   connections 20 0: 5
   connections 20 1: 3
   connections 21 0: 3
   connections 21 1: 1
   connections 22 0: 43
   connections 22 1: 44
   connections 23 0: 47
   connections 23 1: 48
   connections 24 0: 48
   connections 24 1: 49
   connections 25 0: 49
   connections 25 1: 50
   connections 26 0: 50
   connections 26 1: 52
   connections 27 0: 52
   connections 27 1: 54
   connections 28 0: 54
   connections 28 1: 56
   connections 29 0: 56
   connections 29 1: 57
   connections 30 0: 57
   connections 30 1: 55
   connections 31 0: 55
   connections 31 1: 53
   connections 32 0: 53
   connections 32 1: 51
   connections 33 0: 51
   connections 33 1: 46
   connections 34 0: 46
   connections 34 1: 45
   connections 35 0: 45
   connections 35 1: 44
   connections 36 0: 77
   connections 36 1: 83
   connections 37 0: 83
   connections 37 1: 82
   connections 38 0: 82
   connections 38 1: 80
   connections 39 0: 80
   connections 39 1: 76
   connections 40 0: 76
   connections 40 1: 86
   connections 41 0: 86
   connections 41 1: 90
   connections 42 0: 90
   connections 42 1: 91
   connections 43 0: 91
   connections 43 1: 77
   connections 44 0: 78
   connections 44 1: 84
   connections 45 0: 84
   connections 45 1: 85
   connections 46 0: 85
   connections 46 1: 81
   connections 47 0: 81
   connections 47 1: 79
   connections 48 0: 79
   connections 48 1: 87
   connections 49 0: 87
   connections 49 1: 88
   connections 50 0: 88
   connections 50 1: 89
   connections 51 0: 89
   connections 51 1: 78
   connections 52 0: 25
   connections 52 1: 25
   connections 53 0: 25
   connections 53 1: 32
   connections 54 0: 32
   connections 54 1: 33
   connections 55 0: 33
   connections 55 1: 34
   connections 56 0: 34
   connections 56 1: 28
   connections 57 0: 26
   connections 57 1: 26
   connections 58 0: 28
   connections 58 1: 40
   connections 59 0: 40
   connections 59 1: 39
   connections 60 0: 39
   connections 60 1: 38
   connections 61 0: 38
   connections 61 1: 25
   connections 62 0: 24
   connections 62 1: 31
   connections 63 0: 31
   connections 63 1: 30
   connections 64 0: 30
   connections 64 1: 29
   connections 65 0: 29
   connections 65 1: 23
   connections 66 0: 23
   connections 66 1: 35
   connections 67 0: 35
   connections 67 1: 36
   connections 68 0: 36
   connections 68 1: 37
   connections 69 0: 37
   connections 69 1: 24
   connections 70 0: 58
   connections 70 1: 59
   connections 71 0: 59
   connections 71 1: 60
   connections 72 0: 60
   connections 72 1: 61
   connections 73 0: 61
   connections 73 1: 63
   connections 74 0: 63
   connections 74 1: 62
   connections 75 0: 62
   connections 75 1: 64
   connections 76 0: 64
   connections 76 1: 65
   connections 77 0: 65
   connections 77 1: 66
   connections 78 0: 66
   connections 78 1: 68
   connections 79 0: 68
   connections 79 1: 70
   connections 80 0: 70
   connections 80 1: 71
   connections 81 0: 71
   connections 81 1: 69
   connections 82 0: 69
   connections 82 1: 67
   connections 83 0: 67
   connections 83 1: 58
   connections 84 0: 58
   connections 84 1: 72
   connections 85 0: 72
   connections 85 1: 73
   connections 86 0: 73
   connections 86 1: 74
   connections 87 0: 74
   connections 87 1: 75
   connections 88 0: 75
   connections 88 1: 66
   n_symmetry: 92
   symmetry 0: 1
   symmetry 1: 0
   symmetry 2: 3
   symmetry 3: 2
   symmetry 4: 5
   symmetry 5: 4
   symmetry 6: 7
   symmetry 7: 6
   symmetry 8: 9
   symmetry 9: 8
   symmetry 10: 11
   symmetry 11: 10
   symmetry 12: 13
   symmetry 13: 12
   symmetry 14: 15
   symmetry 15: 14
   symmetry 16: 17
   symmetry 17: 16
   symmetry 18: 19
   symmetry 19: 18
   symmetry 20: 21
   symmetry 21: 20
   symmetry 22: 22
   symmetry 23: 28
   symmetry 24: 25
   symmetry 25: 24
   symmetry 26: 26
   symmetry 27: 27
   symmetry 28: 23
   symmetry 29: 29
   symmetry 30: 33
   symmetry 31: 32
   symmetry 32: 31
   symmetry 33: 30
   symmetry 34: 29
   symmetry 35: 40
   symmetry 36: 39
   symmetry 37: 38
   symmetry 38: 37
   symmetry 39: 36
   symmetry 40: 35
   symmetry 41: 41
   symmetry 42: 42
   symmetry 43: 47
   symmetry 44: 48
   symmetry 45: 49
   symmetry 46: 50
   symmetry 47: 43
   symmetry 48: 44
   symmetry 49: 45
   symmetry 50: 46
   symmetry 51: 52
   symmetry 52: 51
   symmetry 53: 54
   symmetry 54: 53
   symmetry 55: 56
   symmetry 56: 55
   symmetry 57: 57
   symmetry 58: 66
   symmetry 59: 65
   symmetry 60: 64
   symmetry 61: 62
   symmetry 62: 61
   symmetry 63: 63
   symmetry 64: 60
   symmetry 65: 59
   symmetry 66: 58
   symmetry 67: 68
   symmetry 68: 67
   symmetry 69: 70
   symmetry 70: 69
   symmetry 71: 71
   symmetry 72: 75
   symmetry 73: 74
   symmetry 74: 73
   symmetry 75: 72
   symmetry 76: 79
   symmetry 77: 78
   symmetry 78: 77
   symmetry 79: 76
   symmetry 80: 81
   symmetry 81: 80
   symmetry 82: 85
   symmetry 83: 84
   symmetry 84: 83
   symmetry 85: 82
   symmetry 86: 87
   symmetry 87: 86
   symmetry 88: 90
   symmetry 89: 91
   symmetry 90: 88
   symmetry 91: 89
   n_images: 8
   image 0: "/Users/kezhenchen/Documents/openCV/code_MasteringOpenCV/code-master/Chapter6_NonRigidFaceTracking/dst/000.png"
   image 1: "/Users/kezhenchen/Documents/openCV/code_MasteringOpenCV/code-master/Chapter6_NonRigidFaceTracking/dst/001.png"
   image 2: "/Users/kezhenchen/Documents/openCV/code_MasteringOpenCV/code-master/Chapter6_NonRigidFaceTracking/dst/002.png"
   image 3: "/Users/kezhenchen/Documents/openCV/code_MasteringOpenCV/code-master/Chapter6_NonRigidFaceTracking/dst/003.png"
   image 4: "/Users/kezhenchen/Documents/openCV/code_MasteringOpenCV/code-master/Chapter6_NonRigidFaceTracking/dst/004.png"
   image 5: "/Users/kezhenchen/Documents/openCV/code_MasteringOpenCV/code-master/Chapter6_NonRigidFaceTracking/dst/005.png"
   image 6: "/Users/kezhenchen/Documents/openCV/code_MasteringOpenCV/code-master/Chapter6_NonRigidFaceTracking/dst/006.png"
   image 7: "/Users/kezhenchen/Documents/openCV/code_MasteringOpenCV/code-master/Chapter6_NonRigidFaceTracking/dst/007.png"
   shapes: !!opencv-matrix
      rows: 184
      cols: 8
      dt: f
      data: [ 475., 475., 475., 475., 475., 475., 475., 475., 128., 128.,
          128., 128., 128., 128., 128., 128., 690., 690., 690., 690.,
          690., 690., 690., 690., 125., 125., 125., 125., 125., 125.,
          125., 125., 466., 466., 466., 466., 466., 466., 466., 466.,
          154., 154., 154., 154., 154., 154., 154., 154., 702., 702.,
          702., 702., 702., 702., 702., 702., 160., 160., 160., 160.,
          160., 160., 160., 160., 462., 462., 462., 462., 462., 462.,
          462., 462., 185., 185., 185., 185., 185., 185., 185., 185.,
          711., 711., 711., 711., 711., 711., 711., 711., 193., 193.,
          193., 193., 193., 193., 193., 193., 712., 712., 712., 712.,
          712., 712., 712., 712., 226., 226., 226., 226., 226., 226.,
          226., 226., 458., 458., 458., 458., 458., 458., 458., 458.,
