%YAML:1.0
ft object:
   fname: "haarcascade_frontalface_alt_tree.xml"
   x offset: 5.2594584412872791e-03
   y offset: 5.7721130549907684e-02
   z offset: 3.0953426361083984e+00
   reference: !!opencv-matrix
      rows: 184
      cols: 1
      dt: f
      data: [ -1.10238284e-01, -1.32421419e-01, 1.10486589e-01,
          -1.35503918e-01, -1.19477615e-01, -1.05729006e-01,
          1.22806542e-01, -9.95720923e-02, -1.23583756e-01,
          -7.39035010e-02, 1.32046595e-01, -6.56934902e-02,
          1.33073613e-01, -3.18147950e-02, -1.27689898e-01,
          -4.20779996e-02, -1.26662940e-01, -1.53857004e-02,
          1.32047221e-01, -1.23088621e-02, -1.22556135e-01,
          1.02799395e-02, 1.29994288e-01, 1.54101048e-02,
          -1.18449248e-01, 4.21053432e-02, 1.24330446e-01,
          4.73606586e-02, 1.15089811e-01, 7.87793621e-02,
          -1.07155912e-01, 7.90638030e-02, -8.76495391e-02,
          1.17048793e-01, 9.69844460e-02, 1.16021879e-01,
          -5.84986396e-02, 1.48713589e-01, 7.10340515e-02,
          1.46787629e-01, -3.18077691e-02, 1.63829789e-01,
          4.46224138e-02, 1.64327949e-01, 9.46897175e-03, 1.70611545e-01,
          -9.79177505e-02, -4.72114906e-02, -3.52933891e-02,
          -4.00258340e-02, 3.04107592e-02, -4.10532355e-02,
          9.81681049e-02, -4.72138003e-02, 9.91946980e-02,
          -5.02936952e-02, 9.40616131e-02, -4.51604947e-02,
          -8.35450143e-02, -5.13181686e-02, -6.21024854e-02,
          -5.52773960e-02, -4.82670069e-02, -5.16896360e-02,
          3.95274200e-02, -5.07890768e-02, 5.65745533e-02,
          -5.66925220e-02, 7.59575590e-02, -5.30934185e-02,
          -8.25183019e-02, -4.41317894e-02, -6.23692237e-02,
          -4.00284193e-02, -4.86395583e-02, -4.10523042e-02,
          4.68368195e-02, -3.90001722e-02, 5.91563508e-02,
          -3.90003175e-02, 7.45557547e-02, -4.00271304e-02,
          5.60763590e-02, -4.82399315e-02, -5.58260232e-02,
          -4.72119860e-02, -2.16859877e-02, -3.24629396e-02,
          -2.15726122e-02, -1.05140926e-02, -3.41524519e-02,
          7.33022485e-03, -4.12086621e-02, 2.42611580e-02,
          1.09049203e-02, -3.38666141e-02, 4.74540936e-03,
          -1.23073636e-02, 2.09278110e-02, 5.40529564e-03,
          2.90251840e-02, 2.20777821e-02, -3.63190994e-02,
          3.79978679e-02, 2.77222022e-02, 3.58143896e-02,
          -2.32338235e-02, 3.49029936e-02, 1.19477119e-02,
          3.28494646e-02, -1.37333171e-02, 3.59443463e-02,
          2.69270991e-03, 3.49175259e-02, -6.54690154e-03,
          3.79975177e-02, -5.02411053e-02, 8.15910399e-02,
          -3.57225984e-02, 7.70689473e-02, -2.78751478e-02,
          7.37567246e-02, -1.78396143e-02, 6.99230582e-02,
          6.18025661e-03, 6.80144057e-02, -6.28501968e-03,
          7.51862973e-02, 1.82668623e-02, 7.27442801e-02, 2.82874200e-02,
          7.54204169e-02, 4.41006124e-02, 8.03316757e-02,
          -3.17071974e-02, 9.81468707e-02, 2.65879687e-02,
          9.68914405e-02, -1.75626315e-02, 1.04298398e-01,
          1.24472454e-02, 1.03396431e-01, -2.18381663e-03,
          1.03507094e-01, -2.90092248e-02, 8.44905823e-02,
          -1.43752443e-02, 8.65522772e-02, 5.51558658e-03,
          8.53911713e-02, 2.38876808e-02, 8.35924894e-02,
          -9.79180932e-02, -7.59570599e-02, -2.50275973e-02,
          -8.10910538e-02, 1.60375386e-02, -7.80116543e-02,
          9.81677398e-02, -7.80126229e-02, -8.66254121e-02,
          -9.54631194e-02, 6.94218650e-02, -1.03677966e-01,
          -6.71194941e-02, -9.54633504e-02, -4.86401618e-02,
          -9.23836827e-02, 2.93835513e-02, -9.03313383e-02,
          4.78627346e-02, -9.95712057e-02, -8.14921707e-02,
          -8.62235278e-02, 7.55817890e-02, -9.03318897e-02,
          5.60759120e-02, -8.62251520e-02, 4.06765603e-02,
          -8.10918286e-02, -6.50661066e-02, -8.41704682e-02,
          -4.55601364e-02, -8.00641775e-02 ]
