%YAML:1.0
ft object:
   V: !!opencv-matrix
      rows: 184
      cols: 7
      dt: f
      data: [ -1.10238284e-01, 1.32421419e-01, 1.04257204e-01,
          -3.73504738e-09, 4.70365845e-02, 3.96961682e-02,
          1.31114200e-02, -1.32421419e-01, -1.10238284e-01,
          3.71422981e-09, 1.04257204e-01, 5.21812774e-03, 3.39858867e-02,
          1.32915452e-02, 1.10486589e-01, 1.35503918e-01, 1.04257204e-01,
          -9.28758667e-11, -4.29129787e-02, -4.58894558e-02,
          -9.23803076e-03, -1.35503918e-01, 1.10486589e-01,
          7.97886687e-11, 1.04257204e-01, 6.54717581e-03, 5.23719750e-02,
          -1.35452626e-02, -1.19477615e-01, 1.05729006e-01,
          1.04257204e-01, -3.50757556e-09, 5.07929549e-02,
          4.12103795e-02, 1.73133239e-02, -1.05729006e-01,
          -1.19477615e-01, 3.48979690e-09, 1.04257204e-01,
          -5.66274021e-03, 2.28877217e-02, 1.17706582e-02,
          1.22806542e-01, 9.95720923e-02, 1.04257204e-01, 6.26800001e-10,
          -4.79454473e-02, -5.34779280e-02, -6.04543602e-03,
          -9.95720923e-02, 1.22806542e-01, -6.34885755e-10,
          1.04257204e-01, -8.09190981e-03, 3.93595770e-02,
          -1.86365061e-02, -1.23583756e-01, 7.39035010e-02,
          1.04257204e-01, -3.12095882e-09, 5.24558313e-02,
          4.03289683e-02, 2.16358025e-02, -7.39035010e-02,
          -1.23583756e-01, 3.10705750e-09, 1.04257204e-01,
          -1.86337028e-02, 1.01928394e-02, 9.10746586e-03,
          1.32046595e-01, 6.56934902e-02, 1.04257204e-01, 1.26567279e-09,
          -5.17221205e-02, -5.97085692e-02, -2.79944367e-03,
          -6.56934902e-02, 1.32046595e-01, -1.26913025e-09,
          1.04257204e-01, -2.18952149e-02, 2.69055851e-02,
          -2.31447518e-02, 1.33073613e-01, 3.18147950e-02,
          1.04257204e-01, 1.76738335e-09, -5.21519743e-02,
          -6.27459809e-02, 1.26454630e-03, -3.18147950e-02,
          1.33073613e-01, -1.76651460e-09, 1.04257204e-01,
          -3.57012376e-02, 1.38125280e-02, -2.66430397e-02,
          -1.27689898e-01, 4.20779996e-02, 1.04257204e-01,
          -2.73434164e-09, 5.41187823e-02, 3.94472368e-02,
          2.59580743e-02, -4.20779996e-02, -1.27689898e-01,
          2.72431810e-09, 1.04257204e-01, -3.16047333e-02,
          -2.50157900e-03, 6.44497015e-03, -1.26662940e-01,
          1.53857004e-02, 1.04257204e-01, -2.33541742e-09,
          5.36913648e-02, 3.69698033e-02, 2.91387290e-02,
          -1.53857004e-02, -1.26662940e-01, 2.32881003e-09,
          1.04257204e-01, -4.24821377e-02, -1.28005529e-02,
          3.66174732e-03, 1.32047221e-01, 1.23088621e-02, 1.04257204e-01,
          2.02923034e-09, -5.17400801e-02, -6.38658702e-02,
          3.76504287e-03, -1.23088621e-02, 1.32047221e-01,
          -2.02593031e-09, 1.04257204e-01, -4.36506979e-02,
          6.14797464e-03, -2.84584370e-02, -1.22556135e-01,
          -1.02799395e-02, 1.04257204e-01, -1.89974170e-09,
          5.20093776e-02, 3.33743691e-02, 3.18853669e-02, 1.02799395e-02,
          -1.22556135e-01, 1.89653426e-09, 1.04257204e-01,
          -5.29401302e-02, -2.24604998e-02, 6.02100394e-04,
          1.29994288e-01, -1.54101048e-02, 1.04257204e-01,
          2.39140241e-09, -5.09126261e-02, -6.52260333e-02,
          7.37961801e-03, 1.54101048e-02, 1.29994288e-01,
          -2.38466935e-09, 1.04257204e-01, -5.49475141e-02,
          -4.79004905e-03, -3.09649557e-02, -1.18449248e-01,
          -4.21053432e-02, 1.04257204e-01, -1.37596290e-09,
          5.03251702e-02, 2.92990841e-02, 3.53903696e-02, 4.21053432e-02,
          -1.18449248e-01, 1.37693501e-09, 1.04257204e-01,
          -6.59083053e-02, -3.45155485e-02, -3.07062478e-03,
          1.24330446e-01, -4.73606586e-02, 1.04257204e-01,
          2.75379319e-09, -2.49677170e-02, 1.44192753e-02,
          1.41510740e-02, 4.73606586e-02, 1.24330446e-01,
          -2.74322431e-09, 1.04257204e-01, -6.20037466e-02,
          2.47155852e-03, -3.28088030e-02, 1.15089811e-01,
          -7.87793621e-02, 1.04257204e-01, 3.04884207e-09,
          -2.12764610e-02, 1.53970197e-02, 1.88515820e-02,
          7.87793621e-02, 1.15089811e-01, -3.03463632e-09,
          1.04257204e-01, -4.52357866e-02, 8.94912705e-02,
          -3.19292098e-02, -1.07155912e-01, -7.90638030e-02,
          1.04257204e-01, -6.58748611e-10, 4.57106642e-02,
          2.20302604e-02, 3.88108380e-02, 7.90638030e-02,
          -1.07155912e-01, 6.64814204e-10, 1.04257204e-01,
          -8.09660181e-02, -4.80070449e-02, -8.13790876e-03,
          -8.76495391e-02, -1.17048793e-01, 1.04257204e-01,
          2.10311310e-10, 3.77487913e-02, 1.14878174e-02, 4.15403135e-02,
          1.17048793e-01, -8.76495391e-02, -1.98720040e-10,
          1.04257204e-01, -9.64393914e-02, -6.12582676e-02,
          -1.43174902e-02, 9.69844460e-02, -1.16021879e-01,
          1.04257204e-01, 3.27914007e-09, 3.91143700e-03, 7.97131509e-02,
          2.70554628e-02, 1.16021879e-01, 9.69844460e-02,
          -3.26088623e-09, 1.04257204e-01, -9.58703458e-02,
          -4.62456346e-02, -3.68051566e-02, -5.84986396e-02,
          -1.48713589e-01, 1.04257204e-01, 1.15004550e-09,
          -3.80576332e-03, -1.02504984e-01, 3.95472012e-02,
          1.48713589e-01, -5.84986396e-02, -1.13337384e-09,
          1.04257204e-01, -6.79930970e-02, 6.84684813e-02,
          -1.71187520e-02, 7.10340515e-02, -1.46787629e-01,
          1.04257204e-01, 3.28578542e-09, 4.98642363e-02, 2.07084358e-01,
          3.67342755e-02, 1.46787629e-01, 7.10340515e-02,
          -3.26459215e-09, 1.04257204e-01, -6.10199422e-02,
          9.99022648e-02, -3.19842026e-02, -3.18077691e-02,
          -1.63829789e-01, 1.04257204e-01, 1.81200499e-09,
          -1.47647727e-02, -1.14262909e-01, 3.86503749e-02,
          1.63829789e-01, -3.18077691e-02, -1.79243786e-09,
          1.04257204e-01, -3.86545286e-02, 1.84616029e-01,
          -1.84597988e-02, 4.46224138e-02, -1.64327949e-01,
          1.04257204e-01, 3.09556758e-09, 2.50165612e-02, 9.57380533e-02,
          3.79272439e-02, 1.64327949e-01, 4.46224138e-02,
          -3.07312553e-09, 1.04257204e-01, -1.50186848e-02,
          2.70743310e-01, -2.54136734e-02, 9.46897175e-03,
          -1.70611545e-01, 1.04257204e-01, 2.59835331e-09,
          2.74976064e-02, 6.89016283e-02, 4.10342105e-02, 1.70611545e-01,
          9.46897268e-03, -2.57640931e-09, 1.04257204e-01,
          -1.17017739e-02, 2.85486162e-01, -2.11749673e-02,
          -9.79177505e-02, 4.72114906e-02, 1.04257204e-01,
          -2.31054909e-09, 4.19875607e-02, 2.82706227e-02,
          2.23635100e-02, -4.72114906e-02, -9.79177505e-02,
          2.30097075e-09, 1.04257204e-01, -2.95028668e-02,
          1.81274803e-03, 3.29488260e-03, -3.52933891e-02,
          4.00258340e-02, 1.04257204e-01, -1.16190391e-09,
          1.64643228e-02, 3.36054899e-03, 1.70135070e-02,
          -4.00258340e-02, -3.52933891e-02, 1.15553911e-09,
          1.04257204e-01, -3.24105881e-02, 3.89503385e-03,
          -5.12162130e-03, 3.04107592e-02, 4.10532355e-02,
          1.04257204e-01, -7.92933566e-11, -1.03113260e-02,
          -2.21076608e-02, 1.03474045e-02, -4.10532355e-02,
          3.04107592e-02, 7.52157156e-11, 1.04257204e-01,
          -3.19701806e-02, 9.41073243e-03, -1.30989226e-02,
          9.81681049e-02, 4.72138003e-02, 1.04257204e-01, 9.64188729e-10,
          -3.79219390e-02, -4.79745641e-02, 2.84556393e-03,
          -4.72138003e-02, 9.81681049e-02, -9.66553393e-10,
          1.04257204e-01, -2.94372644e-02, 1.70822144e-02,
          -2.08179969e-02, 9.91946980e-02, 5.02936952e-02,
          1.04257204e-01, 9.37282474e-10, -3.83393168e-02,
          -4.81340364e-02, 2.36448343e-03, -5.02936952e-02,
          9.91946980e-02, -9.39999412e-10, 1.04257204e-01,
          -2.81818323e-02, 1.83597617e-02, -2.06377897e-02,
          9.40616131e-02, 4.51604947e-02, 1.04257204e-01, 9.24975263e-10,
          -3.62492204e-02, -4.65376675e-02, 3.50680039e-03,
          -4.51604947e-02, 9.40616131e-02, -9.27231070e-10,
